version https://git-lfs.github.com/spec/v1
oid sha256:42750cd977d426d756cee104feecd9bc9ef2f015c07d5a7f746cfd6763b2f687
size 787253
